n = 1 => x1 = 4.493409457908, x2 = 7.725251836935
n = 2 => x1 = 5.763459196896, x2 = 9.095011330472